,brain,batch,condition,Telencephalon,Diencephalon,Mesencephalon,Metencephalon(no_cerebellum)
0,an011,202010_cfos,acquisition_day1,0.5655551769459183,0.1592269872949423,0.1999415859416833,0.07527624981745606
1,an012,202010_cfos,acquisition_day1,0.56707195341069,0.14443757334359128,0.20419342744036345,0.08429704580535524
2,an013,202010_cfos,acquisition_day1,0.5042357483533954,0.18124006359300476,0.20850556438791734,0.10601862366568249
3,an014,202010_cfos,acquisition_day1,0.5333765427691023,0.18521468315216497,0.22408669716959886,0.05732207690913385
4,an015,202010_cfos,acquisition_day1,0.577020464910101,0.13462378013150736,0.2064356668390546,0.08192008811933722
5,an016,202010_cfos,acquisition_day1,0.5265040071633955,0.17389031328732002,0.21099759180881297,0.08860808774047152
6,an017,202010_cfos,acquisition_day1,0.49110717467208664,0.21217861421418552,0.21795357504889262,0.0787606360648352
7,an018,202010_cfos,acquisition_day1,0.5631558875358355,0.14793140632808185,0.1956616080587044,0.09325109807737829
8,an019,202010_cfos,acquisition_day1,0.5412580119754866,0.16503790675056537,0.21180909527659625,0.0818949859973518
9,an020,202010_cfos,acquisition_day1,0.5200692586179757,0.1771317773993675,0.19689337893336004,0.10590558504929669
0,an021,202010_cfos,acquisition_day2,0.507143738433066,0.18010281719103435,0.2096401398313798,0.10311330454451985
1,an022,202010_cfos,acquisition_day2,0.5654701022816679,0.126485051140834,0.22521636506687648,0.08282848151062155
2,an023,202010_cfos,acquisition_day2,0.5864463442219413,0.12648027410019294,0.19252711063801478,0.09454627103985097
3,an024,202010_cfos,acquisition_day2,0.5264563678177571,0.13324158412255763,0.23917570577476777,0.10112634228491751
4,an025,202010_cfos,acquisition_day2,0.5295009926610007,0.14111401101965246,0.23234959512815365,0.09703540119119321
5,an026,202010_cfos,acquisition_day2,0.5889388040331437,0.12067485275032445,0.18975741239892183,0.10062893081761007
6,an027,202010_cfos,acquisition_day2,0.4868647372413277,0.1931348354219416,0.24447934361078172,0.07552108372594896
7,an028,202010_cfos,acquisition_day2,0.6425985638266305,0.08868271646456054,0.191034796542106,0.07768392316670293
8,an029,202010_cfos,acquisition_day2,0.5064610966771503,0.15328866402297278,0.14046902775878573,0.1997812115410912
9,an030,202010_cfos,acquisition_day2,0.4557518183167582,0.15710256790856464,0.32132996882885556,0.06581564494582158
0,an001,202010_cfos,habituation,0.5902251537809555,0.1254500138465799,0.19570672104596226,0.08861811132650235
1,an002,202010_cfos,habituation,0.589539231841805,0.12760647737355812,0.18921124350361263,0.09364304728102421
2,an003,202010_cfos,habituation,0.5790523535324414,0.16073056514387676,0.1796180428396668,0.08059903848401499
3,an004,202010_cfos,habituation,0.6115007631854478,0.14666405964199664,0.16584461291990968,0.07599056425264591
4,an005,202010_cfos,habituation,0.6708112206216832,0.1010439143873564,0.126739371318598,0.10140549367236251
5,an006,202010_cfos,habituation,0.6446210277057368,0.10497933843184336,0.16252661462029808,0.08787301924212174
6,an007,202010_cfos,habituation,0.5746469841519113,0.1382749008676534,0.20923141350293797,0.07784670147749728
7,an008,202010_cfos,habituation,0.6718151588120629,0.10365783740396743,0.14063754156633412,0.08388946221763559
8,an009,202010_cfos,habituation,0.6052556548184755,0.10640800228093518,0.23073084964835583,0.057605493252233415
9,an010,202010_cfos,habituation,0.5722735808830868,0.1392490043274334,0.22716757237337495,0.061309842416104945
0,an1,201904_ymaze_cfos,CNO_control_no_reversal,0.7318376441655838,0.06732179144580906,0.12174658865880501,0.07909397572980216
1,an2,201904_ymaze_cfos,CNO_control_no_reversal,0.7048676060186572,0.08351097707742722,0.11985678666074633,0.09176463024316933
2,an3,201904_ymaze_cfos,CNO_control_no_reversal,0.7895890827536398,0.05571596913369065,0.08469532823963204,0.0699996198730376
3,an4,201904_ymaze_cfos,CNO_control_no_reversal,0.7088095347819074,0.08240397244176133,0.12553284637894882,0.08325364639738243
4,an5,201904_ymaze_cfos,CNO_control_no_reversal,0.7541772392417039,0.09290176115019061,0.10756019935159271,0.04536080025651277
5,an6,201904_ymaze_cfos,CNO_control_no_reversal,0.7118329556239953,0.08935828151936002,0.12461696399170977,0.07419179886493502
6,an7,201904_ymaze_cfos,CNO_control_no_reversal,0.7062275402998365,0.09656394832114003,0.12718697015192673,0.07002154122709675
7,an8,201904_ymaze_cfos,CNO_control_no_reversal,0.7172448767893779,0.08530923676263802,0.10557617390101658,0.09186971254696756
0,an10,201904_ymaze_cfos,CNO_control_reversal,0.6843500714713884,0.10355281966154839,0.1321269654631807,0.0799701434038825
1,an11,201904_ymaze_cfos,CNO_control_reversal,0.6317544182998506,0.09440724130163217,0.17938604574962627,0.09445229464889107
2,an12,201904_ymaze_cfos,CNO_control_reversal,0.7448672198286252,0.08561453782275723,0.11439824297644634,0.05511999937217127
3,an13,201904_ymaze_cfos,CNO_control_reversal,0.6606229494642769,0.1218577242952546,0.13624200925254332,0.08127731698792509
4,an14,201904_ymaze_cfos,CNO_control_reversal,0.7239021995458889,0.11391175516573303,0.12155274439155248,0.040633300896825604
5,an15,201904_ymaze_cfos,CNO_control_reversal,0.6047198159025524,0.13966426843173346,0.18621156174188935,0.06940435392382473
6,an16,201904_ymaze_cfos,CNO_control_reversal,0.5548268303063436,0.1429591547815991,0.20368118042805833,0.09853283448399901
7,an17,201904_ymaze_cfos,CNO_control_reversal,0.6310268485416255,0.1473363608484324,0.15706081776515612,0.06457597284478594
8,an18,201904_ymaze_cfos,CNO_control_reversal,0.6074600269813367,0.1690169126328927,0.1647749270758435,0.058748133309927064
9,an9,201904_ymaze_cfos,CNO_control_reversal,0.6397222254889278,0.08542565827384663,0.16300142297696188,0.11185069326026366
0,an29,201904_ymaze_cfos,homecage_control,0.717315884367786,0.09376859744584057,0.12799157136202735,0.06092394682434607
1,an30,201904_ymaze_cfos,homecage_control,0.730490570610775,0.09329266885185356,0.11349314436083284,0.06272361617653847
2,an31,201904_ymaze_cfos,homecage_control,0.7490309552116823,0.09751678553527905,0.10537758692969847,0.048074672323340256
3,an32,201904_ymaze_cfos,homecage_control,0.7047468342564018,0.10461109257058006,0.14102323732671374,0.049618835846304415
4,an33,201904_ymaze_cfos,homecage_control,0.7533159731841099,0.0762664598223355,0.11540990267235489,0.0550076643211997
0,an19,201904_ymaze_cfos,lobVI_reversal,0.6829490189501929,0.0872798926714741,0.13844960590306893,0.09132148247526413
1,an21,201904_ymaze_cfos,lobVI_reversal,0.6971954940154893,0.08370980990377845,0.1406506688570758,0.07844402722365641
2,an22,201904_ymaze_cfos,lobVI_reversal,0.7160607022895301,0.06697289149890645,0.13571246472227316,0.08125394148929033
3,an23,201904_ymaze_cfos,lobVI_reversal,0.5710008673997594,0.10658757473161905,0.20744844567559248,0.11496311219302909
4,an24,201904_ymaze_cfos,lobVI_reversal,0.6790216984661429,0.07478488589599701,0.17977615662800847,0.0664172590098516
5,an25,201904_ymaze_cfos,lobVI_reversal,0.6857510919084787,0.09918183759060036,0.15227012024562966,0.06279695025529128
6,an26,201904_ymaze_cfos,lobVI_reversal,0.6198942458074082,0.11299178746250872,0.19187073885755682,0.07524322787252626
7,an27,201904_ymaze_cfos,lobVI_reversal,0.7194459412576676,0.0844485617060226,0.11638112391399025,0.07972437312231957
8,an28,201904_ymaze_cfos,lobVI_reversal,0.7366956083480333,0.0678082976335021,0.11691828365902271,0.07857781035944193
0,an19,201908_tpham_ymaze_cfos,CNO_control_reversal,0.6337942746239689,0.19759825327510916,0.10528869480834546,0.06331877729257641
1,an20,201908_tpham_ymaze_cfos,CNO_control_reversal,0.6050273768043803,0.17496266799402688,0.14522150323544053,0.07478845196615232
2,an21,201908_tpham_ymaze_cfos,CNO_control_reversal,0.7053923717667689,0.13388864533099518,0.09224024550635686,0.068478737395879
3,an22,201908_tpham_ymaze_cfos,CNO_control_reversal,0.6624555469896297,0.11171072592076794,0.1308597150033573,0.09497401208624506
4,an23,201908_tpham_ymaze_cfos,CNO_control_reversal,0.6609563389470124,0.10583033319641433,0.12967840143040085,0.10353492642617247
5,an24,201908_tpham_ymaze_cfos,CNO_control_reversal,0.6563105250590326,0.10440158127935051,0.14496829481839166,0.09431959884322517
6,an25,201908_tpham_ymaze_cfos,CNO_control_reversal,0.6447164124577587,0.0984869242244345,0.15188601698785278,0.10491064632995403
0,an10,201908_tpham_ymaze_cfos,CNOnCrusILT,0.4994222735756822,0.234645809261399,0.13572126922051372,0.1302106479424051
1,an11,201908_tpham_ymaze_cfos,CNOnCrusILT,0.6486191463813994,0.15347669468398648,0.12591420150638577,0.07198995742822836
2,an12,201908_tpham_ymaze_cfos,CNOnCrusILT,0.5680327868852458,0.21159250585480094,0.1319672131147541,0.08840749414519906
3,an13,201908_tpham_ymaze_cfos,CNOnCrusILT,0.6736214605067065,0.1607408984458165,0.10907671563409269,0.05656092541338443
4,an14,201908_tpham_ymaze_cfos,CNOnCrusILT,0.7217296324852224,0.1553585196607556,0.09059367771781034,0.03231817013621177
5,an16,201908_tpham_ymaze_cfos,CNOnCrusILT,0.7488756097045968,0.08061825629764142,0.11022192191558099,0.06028421208218079
6,an17,201908_tpham_ymaze_cfos,CNOnCrusILT,0.6853732974992028,0.10483760761627113,0.1234227668200246,0.08636632806450144
7,an18,201908_tpham_ymaze_cfos,CNOnCrusILT,0.7170023031949448,0.08781668930490757,0.10996279454319967,0.08521821295694797
0,an01,201908_tpham_ymaze_cfos,CNOnCrusIRT,0.6473280695731777,0.21856047602700537,0.08444902162718847,0.04966243277262845
1,an02,201908_tpham_ymaze_cfos,CNOnCrusIRT,0.7016623898248354,0.13723083788909962,0.10108222693294656,0.06002454535311837
2,an03,201908_tpham_ymaze_cfos,CNOnCrusIRT,0.6918062268180285,0.17466561762391816,0.06979880858716421,0.06372934697088907
3,an04,201908_tpham_ymaze_cfos,CNOnCrusIRT,0.7195027195027195,0.18324268324268325,0.0552965552965553,0.04195804195804196
4,an05,201908_tpham_ymaze_cfos,CNOnCrusIRT,0.6956188203204909,0.13160586430276167,0.10552335492669622,0.06725196045005115
5,an06,201908_tpham_ymaze_cfos,CNOnCrusIRT,0.6647075286873776,0.11035144536403982,0.16264843468873696,0.06229259125984567
6,an07,201908_tpham_ymaze_cfos,CNOnCrusIRT,0.6730746960046323,0.08905616676317313,0.14564755838641189,0.09222157884578266
7,an08,201908_tpham_ymaze_cfos,CNOnCrusIRT,0.5865727243278264,0.12046485260770975,0.18067703271784905,0.11228539034661483
8,an09,201908_tpham_ymaze_cfos,CNOnCrusIRT,0.5872609749528683,0.11823323458120119,0.1803573031690457,0.11414848729688482
0,an21_crus1_lat,202002_cfos,CNO_control_reversal,0.6018765154314349,0.10041232602984998,0.22340055920453983,0.07431059933417526
1,an22_crus1_lat,202002_cfos,CNO_control_reversal,0.6507101731747205,0.116317927578765,0.18229831753926115,0.05067358170725333
2,an23_crus1_lat,202002_cfos,CNO_control_reversal,0.6782440594563096,0.07369141546345027,0.2060390517329091,0.04202547334733103
3,an24_crus1_lat,202002_cfos,CNO_control_reversal,0.5826398857657972,0.10878383752684466,0.21729875501384371,0.09127752169351448
4,an25_crus1_lat,202002_cfos,CNO_control_reversal,0.6307593944643815,0.09723425318648682,0.1980530462401518,0.0739533061089799
0,an1_crus1_lat,202002_cfos,CNOnCrusILT,0.6086067621265574,0.08547772218251132,0.1950413890105836,0.11087412668034771
1,an15_crus1_lat,202002_cfos,CNOnCrusILT,0.5793631646667226,0.0861374507006797,0.21891870157478113,0.11558068305781656
2,an16_crus1_lat,202002_cfos,CNOnCrusILT,0.6448510052422194,0.06198614724316967,0.20759220143420098,0.08557064608040997
3,an17_crus1_lat,202002_cfos,CNOnCrusILT,0.671668085970765,0.07196653046555779,0.18296131940592358,0.0734040641577537
4,an2_crus1_lat,202002_cfos,CNOnCrusILT,0.5877372354689474,0.10272154498011679,0.22765160675470894,0.08188961279622683
5,an5_crus1_lat,202002_cfos,CNOnCrusILT,0.6355641087322588,0.08940101034399807,0.1971902814529709,0.07784459947077219
6,an6_crus1_lat,202002_cfos,CNOnCrusILT,0.5900811048766431,0.10556540206781016,0.18484423697907015,0.11950925607647651
7,an7_crus1_lat,202002_cfos,CNOnCrusILT,0.6111593930097601,0.10022254172824277,0.19887380802672103,0.08974425723527614
8,an8_crus1_lat,202002_cfos,CNOnCrusILT,0.6032392802721891,0.09977738517175978,0.19707606066765207,0.09990727388839914
9,an9_crus1_lat,202002_cfos,CNOnCrusILT,0.6490056952020018,0.10679943257362409,0.18407463436593766,0.060120237858436544
0,an10_crus1_lat,202002_cfos,CNOnCrusIRT,0.5731491813668121,0.132055389448555,0.1934091377426642,0.1013862914419686
1,an11_crus1_lat,202002_cfos,CNOnCrusIRT,0.552882996911416,0.13496274147478785,0.23231267466082173,0.07984158695297443
2,an12_crus1_lat,202002_cfos,CNOnCrusIRT,0.7186312086527354,0.08644728551926914,0.14898666386642864,0.04593484196156673
3,an13_crus1_lat,202002_cfos,CNOnCrusIRT,0.6658459635627664,0.10816580297172791,0.1486012771882017,0.07738695627730395
4,an14_crus1_lat,202002_cfos,CNOnCrusIRT,0.5963766894738616,0.12136405001853787,0.20585796622737537,0.07640129428022516
5,an18_crus1_lat,202002_cfos,CNOnCrusIRT,0.5929244292857875,0.08080392230248137,0.20414393274937068,0.12212771566236044
6,an19_crus1_lat,202002_cfos,CNOnCrusIRT,0.5978144589256228,0.11043993942353551,0.20429355643510927,0.0874520452157324
7,an20_crus1_lat,202002_cfos,CNOnCrusIRT,0.6391608080035496,0.0665650566868587,0.1962644409006778,0.09800969440891395
8,an3_crus1_lat,202002_cfos,CNOnCrusIRT,0.6393019292824713,0.08345184045248905,0.207165215709814,0.07008101455522565
9,an4_crus1_lat,202002_cfos,CNOnCrusIRT,0.6461660996763364,0.08946487508993262,0.17780265730929118,0.0865663679244397
0,an26_crus1_lat,202002_cfos,Vehicle_control_reversal,0.6499049457409337,0.09981641733885856,0.19440012776941057,0.0558785091507971
1,an27_crus1_lat,202002_cfos,Vehicle_control_reversal,0.623561260210035,0.06856476079346557,0.1947607934655776,0.11311318553092183
2,an28_crus1_lat,202002_cfos,Vehicle_control_reversal,0.5517682635816273,0.09215936776422874,0.27810787772940326,0.07796449092474068
3,an29_crus1_lat,202002_cfos,Vehicle_control_reversal,0.5999762972723784,0.1146006793442781,0.22955689960287887,0.05586612378046453
4,an30_crus1_lat,202002_cfos,Vehicle_control_reversal,0.664366512558153,0.10580769286511399,0.17500978275047466,0.05481601182625835
5,an31_crus1_lat,202002_cfos,Vehicle_control_reversal,0.6456925771227131,0.08140366279148697,0.2046619814552514,0.0682417786305486
6,an32_crus1_lat,202002_cfos,Vehicle_control_reversal,0.6014911550590248,0.08955136396140816,0.24246704883376513,0.06649043214580183
7,an33_crus1_lat,202002_cfos,Vehicle_control_reversal,0.689779116637712,0.07571737883935678,0.17813374526097783,0.056369759261953464
8,an34_crus1_lat,202002_cfos,Vehicle_control_reversal,0.5789676665589074,0.12408759124087591,0.2250428673786338,0.07190187482158285
0,an6_cno,202002_cfos,cno_injection,0.6374236087110386,0.10365415777633831,0.18088256902378502,0.07803966448883802
1,an7_cno,202002_cfos,cno_injection,0.5873619907319028,0.10703624375641141,0.22052113642227952,0.0850806290894063
2,an8_cno,202002_cfos,cno_injection,0.7182793428925395,0.07481439917926382,0.14920472664040754,0.05770153128778914
0,an0_mcherrydymaze,202002_cfos,dilutedvector_control_reversal,0.6042253704016309,0.12681305268078585,0.19743932684941112,0.07152225006817207
1,an1_mcherrydymaze,202002_cfos,dilutedvector_control_reversal,0.515459948269394,0.12604892688609395,0.2211878294864454,0.13730329535806662
2,an10_mcherrydymaze,202002_cfos,dilutedvector_control_reversal,0.5478980470043032,0.163670969877524,0.23197616683217478,0.056454816285998015
3,an11_mcherrydymaze,202002_cfos,dilutedvector_control_reversal,0.5559749275459999,0.10373840174338927,0.2664622228213251,0.0738244478892858
4,an12_mcherrydymaze,202002_cfos,dilutedvector_control_reversal,0.5348248279716372,0.11890041566244018,0.2750532676656537,0.07122148870026895
5,an13_mcherrydymaze,202002_cfos,dilutedvector_control_reversal,0.5404108178042869,0.13816054200688097,0.21467145934852128,0.1067571808403109
6,an14_mcherrydymaze,202002_cfos,dilutedvector_control_reversal,0.5105898964543458,0.13601013044062935,0.22626518445470437,0.1271347886503205
7,an2_mcherrydymaze,202002_cfos,dilutedvector_control_reversal,0.4879906000122078,0.14141182933528657,0.25523408411157905,0.11536348654092657
8,an3_mcherrydymaze,202002_cfos,dilutedvector_control_reversal,0.4607568841113238,0.11278407696461003,0.2787267461836745,0.1477322927403917
9,an4_mcherrydymaze,202002_cfos,dilutedvector_control_reversal,0.5522337141478271,0.10554913006215624,0.26022416188915054,0.08199299390086619
10,an6_mcherrydymaze,202002_cfos,dilutedvector_control_reversal,0.5316260379201634,0.09624350606100972,0.2287309622130456,0.14339949380578126
11,an7_mcherrydymaze,202002_cfos,dilutedvector_control_reversal,0.618731917710235,0.10499738440679414,0.20401627005732953,0.07225442782564136
12,an8_mcherrydymaze,202002_cfos,dilutedvector_control_reversal,0.6267661329970289,0.10367013658807686,0.19831990252869633,0.07124382788619797
13,an9_mcherrydymaze,202002_cfos,dilutedvector_control_reversal,0.6318311947241961,0.11508869689688667,0.1791063851541332,0.073973723224784
0,an1_vecctrl_ymaze,202002_cfos,lobVI_noreversal,0.5204660626269488,0.1260372545077677,0.22572460502873465,0.1277720778365488
1,an10_vecctrl_ymaze,202002_cfos,lobVI_noreversal,0.5206196171766272,0.11797736945077553,0.203969422537768,0.15743359083482927
2,an2_vecctrl_ymaze,202002_cfos,lobVI_noreversal,0.5349462912627004,0.12174222713199703,0.19732546477317325,0.1459860168321293
3,an3_vecctrl_ymaze,202002_cfos,lobVI_noreversal,0.6180274473137064,0.0951690390364529,0.20668220907200768,0.08012130457783301
4,an4_vecctrl_ymaze,202002_cfos,lobVI_noreversal,0.5490972085694666,0.13684619921531085,0.21535785415722847,0.09869873805799406
5,an5_vecctrl_ymaze,202002_cfos,lobVI_noreversal,0.5566284330151051,0.11964125797635924,0.19833748054445777,0.12539282846407787
6,an6_vecctrl_ymaze,202002_cfos,lobVI_noreversal,0.5640792360797866,0.11121262394972439,0.17980642053838333,0.14490171943210575
7,an7_vecctrl_ymaze,202002_cfos,lobVI_noreversal,0.6366800817392987,0.12174943648124319,0.15463126099642116,0.08693922078303701
8,an8_vecctrl_ymaze,202002_cfos,lobVI_noreversal,0.6339078970524452,0.10563168520984578,0.17569483225224453,0.08476558548546453
9,an9_vecctrl_ymaze,202002_cfos,lobVI_noreversal,0.5673519105542411,0.12596532693374146,0.18682360519490585,0.11985915731711157
0,an1_saline,202002_cfos,saline_injection,0.7364927003103805,0.06239797677894011,0.13641797907805495,0.06469134383262444
1,an2_saline,202002_cfos,saline_injection,0.6898551084954831,0.08559058515994182,0.15781080461933794,0.06674350172523712
2,an3_saline,202002_cfos,saline_injection,0.71340259986716,0.07153904545023247,0.1616914950817598,0.053366859600847645
3,an4_saline,202002_cfos,saline_injection,0.6464538702982694,0.10980395519956092,0.16282524055365932,0.08091693394851036
0,dadult_pc_crus1_2,201810_adultacutePC_ymaze_cfos,crusI_bilateral_reversal,0.8113222444467838,0.12174965785872197,0.06319086219602063,0.0037372354984735235
1,dadult_pc_crus1_5,201810_adultacutePC_ymaze_cfos,crusI_bilateral_reversal,0.658489647849938,0.1725137143868342,0.1641966023712617,0.004800035391966024
2,dadult_pc_crus1_6,201810_adultacutePC_ymaze_cfos,crusI_bilateral_reversal,0.8139511027526074,0.11812275602667123,0.0679090442810737,1.7096939647803045e-05
3,dadult_pc_crus1_7,201810_adultacutePC_ymaze_cfos,crusI_bilateral_reversal,0.7559434994528996,0.14305845684538612,0.10036804933850592,0.0006299943632083292
4,dadult_pc_crus1_8,201810_adultacutePC_ymaze_cfos,crusI_bilateral_reversal,0.7144261808467218,0.16984527475789396,0.11437423472227376,0.0013543096731104597
5,dadult_pc_crus1_9,201810_adultacutePC_ymaze_cfos,crusI_bilateral_reversal,0.7226068560988509,0.1841915476705611,0.08861002932833309,0.004591566902254916
0,dadult_pc_lob6_13,201810_adultacutePC_ymaze_cfos,lobVI_reversal,0.7801472206598029,0.07010100022009733,0.14811327676016728,0.0016385023599325035
1,dadult_pc_lob6_15,201810_adultacutePC_ymaze_cfos,lobVI_reversal,0.8003742853617406,0.07436350923374327,0.12100522354296056,0.0042569818615555465
2,dadult_pc_lob6_17,201810_adultacutePC_ymaze_cfos,lobVI_reversal,0.7932278410977095,0.08283722474272436,0.12105787318800487,0.002877060971561359
3,dadult_pc_lob6_18,201810_adultacutePC_ymaze_cfos,lobVI_reversal,0.8164017970897874,0.07599633429446344,0.10664073850555444,0.0009611301101946847
4,dadult_pc_lob6_19,201810_adultacutePC_ymaze_cfos,lobVI_reversal,0.7988343341575415,0.09002119392440834,0.10736488873189685,0.003779583186153303
5,dadult_pc_lob6_20,201810_adultacutePC_ymaze_cfos,lobVI_reversal,0.7229585798816568,0.07301775147928995,0.20118343195266272,0.0028402366863905324
6,dadult_pc_lob6_21,201810_adultacutePC_ymaze_cfos,lobVI_reversal,0.7691902336202354,0.08513379003454535,0.13987938403887815,0.005796592306341121
0,dadult_pc_crus1_1,201810_adultacutePC_ymaze_cfos,vector_control_reversal,0.7588818551773142,0.12307021510238357,0.11047412957819262,0.007573800142109683
1,dadult_pc_crus1_3,201810_adultacutePC_ymaze_cfos,vector_control_reversal,0.7345858303614103,0.16086988492223978,0.09717269017243281,0.007371594543917056
2,dadult_pc_crus1_4,201810_adultacutePC_ymaze_cfos,vector_control_reversal,0.740042417321183,0.1341739110168504,0.12403570512969912,0.0017479665322674622
3,dadult_pc_lob6_14,201810_adultacutePC_ymaze_cfos,vector_control_reversal,0.8232865400495458,0.058769787585431416,0.1167665196689917,0.0011771526960310627
4,dadult_pc_lob6_16,201810_adultacutePC_ymaze_cfos,vector_control_reversal,0.7592196107676394,0.09059635786283048,0.14623878370901394,0.00394524766051625
