,brain,batch,condition,Olfactory areas (T),Isocortex (T),Cortical subplate (T),Hippocampal formation (T),Cerebral nuclei (T),Thalamus (D),Hypothalamus (D),"Midbrain, motor related (Mes)","Midbrain, sensory related (Mes)","Midbrain, behavioral state related (Mes)",Medulla (Met),Pons (Met)
0,an011,202010_cfos,acquisition_day1,0.045715326947105374,0.1641399416909621,0.03505830903790087,0.1288837984173261,0.2310651811745106,0.054633486047480216,0.11566014160766347,0.12081945022907122,0.017195960016659725,0.006320283215326947,0.022011661807580175,0.05849645980841316
1,an012,202010_cfos,acquisition_day1,0.03124097975341223,0.16078718403364808,0.03882829574038184,0.12975753577172075,0.23966537462372686,0.04944641458084203,0.10344934229516309,0.1276081398705208,0.01566945692961115,0.014313842728134922,0.03225124737124242,0.05698218630159581
2,an013,202010_cfos,acquisition_day1,0.0469866774274412,0.11894324302842434,0.05435413953545247,0.13478481507975812,0.18789779709825932,0.038775472770960585,0.1563858471358609,0.12473327341538423,0.013548793387014925,0.009427905867679158,0.03135909805144384,0.0828029372023209
3,an014,202010_cfos,acquisition_day1,0.062216453791923546,0.145104864163299,0.054653255066222234,0.14442051856877378,0.16648476446122534,0.08560219462552728,0.11332999026577387,0.13287513642665408,0.024842924987463495,0.008902392259815345,0.011976047904191617,0.04959145747913041
4,an015,202010_cfos,acquisition_day1,0.05188493939967117,0.13791121651704522,0.039997672016179486,0.1567387856654396,0.23847284261374382,0.043198649769384104,0.10262043678796433,0.10747282806384495,0.025040375969387012,0.007929694888620524,0.025636921823393326,0.06309563648532643
5,an016,202010_cfos,acquisition_day1,0.04170162778989763,0.14178433581856975,0.046634142833169516,0.14326468966509243,0.19398628724857958,0.06019106753290341,0.1271965574281399,0.11790688754105434,0.024243041737587803,0.007605542636588114,0.027389542828374847,0.06809627694004267
6,an017,202010_cfos,acquisition_day1,0.05968776151497182,0.11509706881549997,0.0410387998160043,0.15521034809547826,0.16059166809836012,0.06583942495801905,0.1638448450722959,0.12764424542366118,0.016199380400024384,0.009587727708533078,0.023337526809614328,0.06192120328753762
7,an018,202010_cfos,acquisition_day1,0.03948898268657558,0.12793049262576367,0.022753377069049348,0.16157082155968797,0.2517739741954578,0.049734696609894796,0.10879905294088632,0.09655211291425028,0.025762262794810906,0.015699759711936188,0.029215082480111055,0.0707193844115761
8,an019,202010_cfos,acquisition_day1,0.02914759888346657,0.1368956066561596,0.03888245384172316,0.16494819259568705,0.21486938964105096,0.05914335808189178,0.11915386514250992,0.11822342061789112,0.021976213533853622,0.008285386957319814,0.02238130502756521,0.0660932090208812
9,an020,202010_cfos,acquisition_day1,0.06392282760160442,0.12639828779515133,0.04633885334626726,0.1867796845047001,0.1361680177995396,0.052775019054437954,0.1378232518034352,0.1030479401960105,0.02494399150056586,0.007845039302184139,0.045815337475267726,0.06814174962083593
0,an021,202010_cfos,acquisition_day2,0.03557796438652866,0.11093259005450316,0.023834040513430504,0.10334297938821524,0.27361656044170646,0.06756972677401601,0.126795320183926,0.11640953716690042,0.021748007172403997,0.008894491096632165,0.029790331457382784,0.08148845136435458
1,an022,202010_cfos,acquisition_day2,0.035171417874525324,0.2101513611809381,0.018516339519709043,0.1650532170936514,0.18614751029576937,0.04868160667486762,0.08889126597849922,0.11012461892282184,0.03596298871476707,0.011210354602342622,0.032122800449269934,0.05796651869283842
2,an023,202010_cfos,acquisition_day2,0.038746190683500215,0.1515745174865767,0.01828471919895516,0.18078834711943115,0.2501995356261791,0.03812944420258308,0.09981316209548687,0.08258053983456683,0.02163147583804963,0.015137498186039763,0.03143593092439414,0.07167863880423742
3,an024,202010_cfos,acquisition_day2,0.038622610507754576,0.10331423075381718,0.026860497735743196,0.18981685568869475,0.22393099026169197,0.04292069089888991,0.1045164910030858,0.11481585380515369,0.02938524425920731,0.013916162385284335,0.03536648899931872,0.07653388370135855
4,an025,202010_cfos,acquisition_day2,0.030066760278865814,0.1272756386569113,0.020126622816741803,0.19898751016185057,0.20829946049811543,0.044231764097258146,0.1116079126943069,0.10260389722365926,0.04105387628408839,0.008585224053408223,0.04056118049910083,0.06660015273569335
5,an026,202010_cfos,acquisition_day2,0.10971516690856313,0.1494239840348331,0.010567851959361394,0.2495010885341074,0.1497187953555878,0.05748820754716981,0.07957637880986937,0.04689767779390421,0.016736211901306242,0.01607855587808418,0.05138788098693759,0.06290820029027576
6,an027,202010_cfos,acquisition_day2,0.044898927025905505,0.11947359060999467,0.033683087319935974,0.1869701819906337,0.15527891398423144,0.05926848064497006,0.1550655047720671,0.12582844270555457,0.023119331317801885,0.012602999585037643,0.024648764004979548,0.0591617760388879
7,an028,202010_cfos,acquisition_day2,0.0406049396148406,0.18323359808508324,0.02028070938962028,0.2054074638233054,0.2573387009030573,0.025807855510825806,0.07174409748667174,0.07084104014797084,0.031215319334131214,0.008073115003808072,0.02446958981612447,0.06098357088456098
8,an029,202010_cfos,acquisition_day2,0.06696329254727475,0.11190211345939934,0.020467185761957732,0.15272525027808675,0.19725621060437523,0.034408602150537634,0.13185020393029293,0.04241750092695588,0.02135706340378198,0.003967371153133111,0.12295142751205043,0.09373377827215425
9,an030,202010_cfos,acquisition_day2,0.031075120152742115,0.1821713081835539,0.01563631575482257,0.1168608861676213,0.15962209493712556,0.07801698597669365,0.09618803081177167,0.18259924945684378,0.05931924418987425,0.005530317993284614,0.01794061491869116,0.05503983145697544
0,an001,202010_cfos,habituation,0.06395385977240164,0.1363856213325546,0.034039368857171536,0.19856906889093714,0.20889951541810017,0.04021755993392895,0.0962045647432446,0.08685970852079322,0.026163772255632923,0.01233813048120534,0.029841484225992206,0.06652734556803767
1,an002,202010_cfos,habituation,0.0570287180020451,0.1556179483179951,0.027392155843255515,0.18779354928161668,0.2170141596908092,0.04917762872840084,0.09040018024575816,0.08253175964921403,0.021369521135548276,0.009246260767084352,0.036950380422537656,0.0654777379157351
2,an003,202010_cfos,habituation,0.05137878531551345,0.14308069700558282,0.0416004060226696,0.2070292674674336,0.1855269835899171,0.04654034850279141,0.12794789375740145,0.07996108949416342,0.021138555236000677,0.008298088309930637,0.025308746405007614,0.06218913889358822
3,an004,202010_cfos,habituation,0.04535506907602767,0.13178310330575713,0.03560515207566857,0.19653637416915665,0.2476099491161385,0.057510281792250206,0.10003997533724956,0.07724725762410987,0.019953791220331862,0.006728052523527857,0.02918199619217974,0.05244899756760236
4,an005,202010_cfos,habituation,0.06616626008632014,0.17217739413273284,0.036041783949458936,0.1812847938950397,0.26381434915869145,0.030524801401138425,0.07785075373741164,0.03477825733408394,0.023293926315131042,0.005304309751673234,0.042121723900669296,0.06664164633764934
5,an006,202010_cfos,habituation,0.04877430797491607,0.19036760203543,0.017257518492712006,0.18315350886453693,0.2444486673282518,0.03508512629941654,0.07630751039885138,0.07074738005250453,0.025083929815671122,0.01553317427137659,0.03713322494598228,0.05610804952035078
6,an007,202010_cfos,habituation,0.045711442078697616,0.12440194789037785,0.026623538193580494,0.20748587068567162,0.22010450360786266,0.04835602317563004,0.10187324494366047,0.09081150250595386,0.042014715814168414,0.00804037962535101,0.032253936658017276,0.052322894821028684
7,an008,202010_cfos,habituation,0.048717022045536684,0.1616311287796651,0.018696542585230694,0.2476087218407421,0.22915311408264064,0.03163474280207204,0.07726779906035418,0.06884712685218648,0.020142151548006266,0.008167690639681965,0.04179014576557041,0.04634381399831346
8,an009,202010_cfos,habituation,0.048613654198273605,0.14501700235417211,0.019788124509547474,0.22186764321213706,0.23104891446507977,0.03888307611823175,0.07826314412764844,0.1067355479989537,0.03923620193565263,0.007127910018310228,0.01865027465341355,0.04476850640857965
9,an010,202010_cfos,habituation,0.04414680093501267,0.14892148063399382,0.039708449634575746,0.21803154188324178,0.17134994920553512,0.043061870617128094,0.1083253607393307,0.1134837112507274,0.03747941098146742,0.008837250589314423,0.02120545621319867,0.04544871731647417
0,an1,201904_ymaze_cfos,CNO_control_no_reversal,0.07957567358865622,0.40706253639572615,0.023682257640642346,0.1610280063303962,0.08039302174539721,0.03116110904651591,0.03799163896828898,0.055452325795438365,0.03700294870503572,0.005405380373687873,0.03536477924074608,0.04588032216946892
1,an2,201904_ymaze_cfos,CNO_control_no_reversal,0.10574232018137576,0.3115132917542126,0.03464534560221903,0.16270668449419914,0.11377301454161926,0.02720844094906696,0.059088304418958085,0.045333560329864714,0.03857141670749836,0.006591896223829653,0.03971331999036649,0.055112404806789965
2,an3,201904_ymaze_cfos,CNO_control_no_reversal,0.10927329358590977,0.4692739774571182,0.025015697952738284,0.14029617840334724,0.06325342401880024,0.018105490242401257,0.038846993142636885,0.030786638399990053,0.029821447444497634,0.0037737256681732558,0.0317331783225261,0.03981995536186112
3,an4,201904_ymaze_cfos,CNO_control_no_reversal,0.06077900226135001,0.3813626572950913,0.04035525271630499,0.14906711853889343,0.10260801078765386,0.0317215496512509,0.05363098825171988,0.04983024958382806,0.03684687856132793,0.00756567759950835,0.03298050704359811,0.05325210770947321
4,an5,201904_ymaze_cfos,CNO_control_no_reversal,0.08449413991764537,0.4055686253026923,0.02287729891441632,0.10824692590417119,0.15191780363322063,0.039251849124056416,0.05598146361554857,0.04963088531728037,0.029483523495618,0.006048266424005592,0.015721231931032312,0.030777986420312924
5,an6,201904_ymaze_cfos,CNO_control_no_reversal,0.06033169503620022,0.37671279555494974,0.023107205567537665,0.1768118149820001,0.09966485732382961,0.0359777266422392,0.056493188906617066,0.05090680948982946,0.0356730514820843,0.007544719097520105,0.026182019354890437,0.05059411656230206
6,an7,201904_ymaze_cfos,CNO_control_no_reversal,0.04519643304184184,0.3800554207922929,0.026258405918457194,0.17577368979894856,0.1012007838330125,0.04548993879541786,0.054117281446120116,0.060842016211876626,0.03139303010160478,0.007444687114234166,0.03036403345965591,0.04186427948653758
7,an8,201904_ymaze_cfos,CNO_control_no_reversal,0.10708432765015381,0.339835925744899,0.027979835734069366,0.1417248881094084,0.1288682518233135,0.02326461765523322,0.06540448329068553,0.0420871548642458,0.022066645582358185,0.006195911560909692,0.03586728386187861,0.05962067412284485
0,an10,201904_ymaze_cfos,CNO_control_reversal,0.13064397407586936,0.2944142235627128,0.024945692177878315,0.16405151313860314,0.09647642472008282,0.053215681346235555,0.05429884562216118,0.05760219744708354,0.036336870074145884,0.004984949402464348,0.04188135461362154,0.04114827381914149
1,an11,201904_ymaze_cfos,CNO_control_reversal,0.07883302563221846,0.3426946030655618,0.017092439139581812,0.17104890300974626,0.05258683611695505,0.04624962431840625,0.05271564123481173,0.07626551028294191,0.05759306169765145,0.005907861405693186,0.04007985917307114,0.058932634923360955
2,an12,201904_ymaze_cfos,CNO_control_reversal,0.10035133214879165,0.37877083263761663,0.025551324318379934,0.15774364383602657,0.10265324288440124,0.04196870368685723,0.045967971313056404,0.04916116714589554,0.036830571769753656,0.0043861820870119955,0.025463807952243702,0.031151220219965477
3,an13,201904_ymaze_cfos,CNO_control_reversal,0.06881361375459721,0.32375229498016017,0.02550837800765735,0.1302271861076556,0.13186196649570797,0.07584800605158941,0.04961413378887924,0.06935725078305013,0.034585762126878306,0.00674999854901149,0.03816680176981905,0.04551460758499407
4,an14,201904_ymaze_cfos,CNO_control_reversal,0.06389097094095941,0.3415644459178967,0.029718490544280444,0.14746814460332103,0.16126434213560886,0.0752259426891144,0.04183363122693727,0.06661165244464945,0.025738367735239853,0.004927856895756457,0.01327908786900369,0.028477066997232472
5,an15,201904_ymaze_cfos,CNO_control_reversal,0.036258178662037656,0.23595773801575645,0.025751101615703032,0.11472326078248098,0.218475430631593,0.08620643610628922,0.05956569635465349,0.11031012151155027,0.027949325677660567,0.012363132594471892,0.02264154092669248,0.049798037121110965
6,an16,201904_ymaze_cfos,CNO_control_reversal,0.036133084156816916,0.17456233862491155,0.02691031699061481,0.15314647583877708,0.19093181686646218,0.10167073974433892,0.04820856149102647,0.12355147480261598,0.029540859285590266,0.012041872109717324,0.03824274547216274,0.06505971461696579
7,an17,201904_ymaze_cfos,CNO_control_reversal,0.039994269788763574,0.2671311610623464,0.02710303093445854,0.1472985526875559,0.1705406367480183,0.1000208371317688,0.05222827077852733,0.09370371335052396,0.02783406697401436,0.007416282482049679,0.02684690785646689,0.039882270205506214
8,an18,201904_ymaze_cfos,CNO_control_reversal,0.030850885510353677,0.2709669187642133,0.02156046963696452,0.11657739428039618,0.19201777275194953,0.11745927703126993,0.05837813631280444,0.10163667431382016,0.019154993707985478,0.010278624913375348,0.017209848065987347,0.04390900471088006
9,an9,201904_ymaze_cfos,CNO_control_reversal,0.09184847124238081,0.30368488710381775,0.03568638787573117,0.15063690545752015,0.08730925127473352,0.0401764022068728,0.04918103368740889,0.06233124004354699,0.055749986160914734,0.006396732745736024,0.041369638892135095,0.07562906330920206
0,an29,201904_ymaze_cfos,homecage_control,0.052695294103440364,0.3799932979918127,0.029641291615848137,0.13208692081969786,0.14244182536136504,0.06378681576119115,0.032536438395865286,0.060722609315187595,0.038260315658547775,0.0052514158747026364,0.024453273115890403,0.03813050198645108
1,an30,201904_ymaze_cfos,homecage_control,0.056268105232042565,0.3990422701744014,0.024141294708838308,0.11842595329589121,0.15048329884717707,0.05400532072125332,0.04156961276973101,0.053582618977239135,0.03349985220218741,0.004723618090452261,0.02635234998522022,0.037905704995566065
2,an31,201904_ymaze_cfos,homecage_control,0.0777524281161387,0.36764232828833016,0.031183688033367844,0.1371030743072469,0.15183396091766976,0.05856943209249142,0.04109348348502583,0.05186964266888686,0.03037409072355563,0.0034451812065297606,0.020852199158235052,0.02828049100252205
3,an32,201904_ymaze_cfos,homecage_control,0.028324874074216758,0.3684949581531527,0.0276564802419316,0.14886305631266192,0.15069873159268427,0.0738546291569955,0.033620017143242385,0.07284529668403464,0.039377449894540166,0.005287438240987759,0.02068361086765995,0.030293457637892346
4,an33,201904_ymaze_cfos,homecage_control,0.056831119903468987,0.4172034754190134,0.02265566192963676,0.12532577325046998,0.14943393942603386,0.05385424271194647,0.02424812101175999,0.05564717764051277,0.03474662500803795,0.0037220421301882582,0.0208986613509046,0.03543316021802694
0,an19,201904_ymaze_cfos,lobVI_reversal,0.09261440033746672,0.2588826687992688,0.031290370773976395,0.21417711729604794,0.11882079990157221,0.025753807485785093,0.06572252150910897,0.04884479167582104,0.04133967255182838,0.0068416103489792515,0.030943237044002495,0.06476900227614268
1,an21,201904_ymaze_cfos,lobVI_reversal,0.11225735657764589,0.36863254203758655,0.02098015578635015,0.14390918644906034,0.08882758407517309,0.02589484421364985,0.06230681256181998,0.052137425816023736,0.03689107319485658,0.005509705736894164,0.037269720573689415,0.045383592977250246
2,an22,201904_ymaze_cfos,lobVI_reversal,0.0848355224921539,0.3958154132279437,0.025916540741601768,0.1320144135766593,0.1058049517610136,0.016822038823666164,0.052800185981634315,0.0486667441590143,0.04756945251656399,0.0052865279553644074,0.028957340462629315,0.0555108683017552
3,an23,201904_ymaze_cfos,lobVI_reversal,0.05091776835788435,0.2701148846622431,0.022221774721346798,0.12860839534017338,0.14455732654027004,0.03481780561233223,0.08024809448533483,0.09969088877030116,0.02994452107896936,0.014770885145544066,0.03444526113354209,0.08966239415205857
4,an24,201904_ymaze_cfos,lobVI_reversal,0.029027258274892716,0.3010756613774174,0.020500957507890726,0.1399886492998742,0.23227780672611956,0.02872523672183815,0.05088897223061171,0.08717470453331032,0.027391031619333362,0.01224348911228896,0.02028190890897203,0.05042432368745084
5,an25,201904_ymaze_cfos,lobVI_reversal,0.05304483314383281,0.27875335454207867,0.030580407560113775,0.13048738003085605,0.23262624754510686,0.028865332123592623,0.07606436126839017,0.06830058228342387,0.02208925283198003,0.012752045265740985,0.01961617530521069,0.04682002809967345
6,an26,201904_ymaze_cfos,lobVI_reversal,0.020666235676075048,0.3373732781097037,0.01214469917093513,0.12702026839820688,0.15325267652261634,0.057270834961388455,0.06129183509636902,0.10334183474115699,0.03254452582746641,0.016140834464091616,0.025724454927146014,0.053228522104844384
7,an27,201904_ymaze_cfos,lobVI_reversal,0.09699821303944352,0.3468007270551964,0.028223239690464686,0.13235012155933398,0.14312557040854673,0.014675317703180483,0.07306597949213507,0.04470852602596845,0.03032464395002646,0.006894753391773846,0.02672388008190875,0.05610902760202164
8,an28,201904_ymaze_cfos,lobVI_reversal,0.08675293252523336,0.4481918565345795,0.02242596040942678,0.1208876448471766,0.08455398337148483,0.016751865074187848,0.053460320472525,0.04266483223227735,0.03727064628230522,0.0056764674486733955,0.03381447700829054,0.04754901379383962
0,an19,201908_tpham_ymaze_cfos,CNO_control_reversal,0.07291011942174733,0.20515399120050282,0.0218730358265242,0.12256442489000628,0.23431803896920175,0.17096165933375235,0.033815210559396604,0.04286612193588938,0.027781269641734756,0.0021370207416719043,0.03469516027655563,0.03092394720301697
1,an20,201908_tpham_ymaze_cfos,CNO_control_reversal,0.08426673612920031,0.19744725188851264,0.04128679343579057,0.1303724928366762,0.17986454805939048,0.13766605886949726,0.045454545454545456,0.05131544673091951,0.05170617348267778,0.0023443605105496223,0.03386298515238343,0.044412607449856735
2,an21,201908_tpham_ymaze_cfos,CNO_control_reversal,0.07555193630112197,0.24547593195801665,0.04044516829533116,0.12178791169019182,0.24466159971045964,0.10287730727470142,0.03528773072747014,0.035559174809989144,0.024158523344191097,0.003528773072747014,0.033387622149837134,0.03727832066594282
3,an22,201908_tpham_ymaze_cfos,CNO_control_reversal,0.07236875669608693,0.26983317177695015,0.02805979286771083,0.11810621907045558,0.1911382072343248,0.060277536860364266,0.05430845365032396,0.0715014540074486,0.03007499617366461,0.006912912606499668,0.048007754706392534,0.049410744349778074
4,an23,201908_tpham_ymaze_cfos,CNO_control_reversal,0.08374384236453201,0.28180310419090526,0.03215585315741268,0.12218729113548035,0.15726415327870882,0.05725672698467708,0.05116716587865436,0.07277768151100329,0.02901205535064485,0.006559893061365943,0.05537539916330421,0.05069683392331114
5,an24,201908_tpham_ymaze_cfos,CNO_control_reversal,0.0630837293134524,0.2828936588563002,0.026216614779616582,0.11133868589218417,0.1920093942869627,0.06199137036430171,0.04546944125839751,0.07957834944562783,0.0331257851329947,0.00720956906439456,0.04178272980501393,0.05530067180075373
6,an25,201908_tpham_ymaze_cfos,CNO_control_reversal,0.08170353913070688,0.3224958538035485,0.02268673530056013,0.11111806489970899,0.1246675219826642,0.046625152548737364,0.05460462496479645,0.08517695653534436,0.03576681165315893,0.007322339393560097,0.054322996526582595,0.05350940326063147
0,an10,201908_tpham_ymaze_cfos,CNOnCrusILT,0.05119201626316762,0.1866568102014415,0.034466826834226576,0.13333949362409905,0.11356496026612456,0.19432637220476806,0.04962114211790797,0.06449824431713178,0.031047865459249677,0.005913879135095177,0.06311217889484384,0.07226021068194419
1,an11,201908_tpham_ymaze_cfos,CNOnCrusILT,0.07668090847762536,0.1915336181695525,0.04098268495615021,0.13587812008095346,0.223015516078255,0.12311670789296154,0.03496739374859456,0.06470654373735102,0.029795367663593433,0.005172026085001125,0.02917697324038678,0.04497413986957499
2,an12,201908_tpham_ymaze_cfos,CNOnCrusILT,0.08295496379923917,0.14418947110074856,0.03595533194256964,0.1298318812124187,0.20235611731500797,0.17707694195606824,0.04466805743035955,0.06062093508405939,0.024174745367529758,0.005522149957049945,0.04245919744753957,0.0501902073874095
3,an13,201908_tpham_ymaze_cfos,CNOnCrusILT,0.09096911451837723,0.19030151859731495,0.03924877118333211,0.14430342601423227,0.2315310688870956,0.12244149365417065,0.04372386472012325,0.05282077617196097,0.02222874330570024,0.003961558212897073,0.019074169173208127,0.03939549556158756
4,an14,201908_tpham_ymaze_cfos,CNOnCrusILT,0.06714247951361353,0.2913031985196934,0.029209621993127148,0.13190589479249273,0.22277293153581815,0.1316415543219667,0.028152260111022998,0.04500396510705789,0.016587364525508855,0.0030399154110494317,0.01295268305577584,0.02028813111287338
5,an16,201908_tpham_ymaze_cfos,CNOnCrusILT,0.06254305890458146,0.4084782983120909,0.03642783327592146,0.10138219083706511,0.15473217361350328,0.04648208749569411,0.03571736135032725,0.06043317258008956,0.027277816052359627,0.005059421288322425,0.027213227695487428,0.03425335859455735
6,an17,201908_tpham_ymaze_cfos,CNOnCrusILT,0.07720665437831027,0.28022119041508203,0.03693506614713363,0.11831820621106419,0.18943512447793928,0.054037658368137384,0.053361021022422364,0.06941365874145454,0.027228820084463007,0.005366434121188082,0.04265148510231223,0.04582468093049301
7,an18,201908_tpham_ymaze_cfos,CNOnCrusILT,0.08714868312674529,0.30534182453743697,0.0360005625087892,0.12049741848644957,0.18273499809148805,0.042107800791530224,0.04751190308777146,0.06284026759346686,0.023545010747935795,0.0053036542981698374,0.043634610362215484,0.043333266368001284
0,an01,201908_tpham_ymaze_cfos,CNOnCrusIRT,0.09762408844977652,0.16290284638908492,0.03093389790637497,0.1465537520583392,0.2273582686426723,0.16854857680545754,0.0561044460127029,0.03705010585744531,0.018583862620559867,0.003293342742884027,0.017642907551164433,0.03340390496353799
1,an02,201908_tpham_ymaze_cfos,CNOnCrusIRT,0.04185351270553064,0.34471656893181557,0.018857077153041277,0.11820167873979533,0.19949407841784522,0.10796826491893756,0.03345981372887202,0.04955731861561458,0.016097504886742556,0.00793377026560883,0.027940669196274578,0.03391974243992181
2,an03,201908_tpham_ymaze_cfos,CNOnCrusIRT,0.0982525170697836,0.20032403656984146,0.0477953940516144,0.1154958916792038,0.2504339775488948,0.14141881726652009,0.03842147899548663,0.025922925587316282,0.013771554218261775,0.002546001620182849,0.025691470894572386,0.039925934498321956
3,an04,201908_tpham_ymaze_cfos,CNOnCrusIRT,0.07510986815821015,0.27180716473565053,0.03835397522972433,0.11626048741510188,0.23838060993474497,0.16353708882674126,0.024903449194300174,0.019176987614862164,0.008389932081502197,0.0009322146757224664,0.019443334665068583,0.023704887468371287
4,an05,201908_tpham_ymaze_cfos,CNOnCrusIRT,0.09983199221858696,0.23070121142452912,0.040852418427800866,0.13652842868511805,0.2137235829870015,0.10018569281103545,0.03634273587408259,0.045362100981519146,0.021841011583694402,0.004863383146166769,0.030506676098682465,0.039260765761782654
5,an06,201908_tpham_ymaze_cfos,CNOnCrusIRT,0.051549795699368524,0.28044904866069587,0.032935738165008874,0.1139956250773866,0.20723100416855833,0.05035288290891081,0.06356019645878905,0.09872466878533988,0.029097362664575507,0.007800569565396838,0.025300260018985513,0.03900284782698419
6,an07,201908_tpham_ymaze_cfos,CNOnCrusIRT,0.05226425569037989,0.32702831310968355,0.02422872551352209,0.11571100007930843,0.17217860258545484,0.049924656991038145,0.0415576175747482,0.08133079546355777,0.03180268062495043,0.009239432151637719,0.046157506542945516,0.04857641367277342
7,an08,201908_tpham_ymaze_cfos,CNOnCrusIRT,0.06536745517299436,0.2459382102870612,0.03443050761848641,0.12155905379240677,0.14243623200606112,0.06040070713022982,0.0648202710665881,0.10354406936610826,0.036072059937705195,0.008712854617392036,0.049751662597861776,0.06696691640710498
8,an09,201908_tpham_ymaze_cfos,CNOnCrusIRT,0.08453463960811756,0.24595288080242594,0.03466293445299743,0.12488919990669466,0.12031723816188476,0.05211103335665967,0.07077210170282248,0.10272918124562631,0.03550268252857476,0.009890366223466293,0.050758105901562864,0.06787963610916725
0,an21_crus1_lat,202002_cfos,CNO_control_reversal,0.02446167978331468,0.23130803895457594,0.01800203388363589,0.15980935783173056,0.21044204513490708,0.03991840861391027,0.06752533011268974,0.1110689297720044,0.045341442641137555,0.012608504938167184,0.01984511799082195,0.05966911034310476
1,an22_crus1_lat,202002_cfos,CNO_control_reversal,0.028990935352126705,0.29724474549257895,0.016302420559816715,0.14009961151509115,0.21175216655045323,0.04770594680745094,0.07641996214762427,0.08478135272437494,0.02909054686721785,0.013537204900886543,0.010122522163562108,0.043952584918816616
2,an23_crus1_lat,202002_cfos,CNO_control_reversal,0.020045525539137677,0.2797307883702941,0.018513226548681285,0.16294349216359633,0.24133216399048102,0.03806851495100092,0.04043840502948813,0.09189852337618186,0.05354424205397043,0.008713410818720653,0.0109157826796017,0.033855924478845896
3,an24_crus1_lat,202002_cfos,CNO_control_reversal,0.022658426993557364,0.20858896946117228,0.02070298755555915,0.15030595448497325,0.21987672845073383,0.04736531329496601,0.06879223809851209,0.10314083612729971,0.05501316433375529,0.00609077930429226,0.028393304187107445,0.0690712977080713
4,an25_crus1_lat,202002_cfos,CNO_control_reversal,0.03623629855259355,0.25956377704159905,0.02169775663116704,0.13699446383707228,0.22547746626053317,0.04058963470218112,0.06423060675456345,0.08645752273384175,0.04007159214709741,0.008957911821597705,0.023189630255463903,0.056533339262289616
0,an1_crus1_lat,202002_cfos,CNOnCrusILT,0.02894397800986852,0.21428703102501132,0.01729961349312501,0.15680053418650236,0.23142688015009658,0.02968544853846327,0.06143144777241361,0.08160067510686803,0.047820752572103914,0.012514875496447291,0.03317158897953582,0.08501717466956428
1,an15_crus1_lat,202002_cfos,CNOnCrusILT,0.0360967399516109,0.23101301532959098,0.01804741366944314,0.14924882135240847,0.19944342969713777,0.03161166311239469,0.06262659105471029,0.08511317885797894,0.04922300108062619,0.011125668219070661,0.028771433216345187,0.09767904445868278
2,an16_crus1_lat,202002_cfos,CNOnCrusILT,0.02178920353564479,0.3291363570448161,0.01433109741908722,0.11156976018723674,0.21658690894129629,0.025409496059327605,0.0412446926545327,0.09265048579705452,0.04545347241192083,0.00981374126121751,0.029480006609942568,0.06253477807792313
3,an17_crus1_lat,202002_cfos,CNOnCrusILT,0.032806276858802136,0.26179165644223246,0.022894343318673068,0.13718569040622988,0.2665609617469835,0.031264746780089725,0.0460130998596893,0.07441710238486239,0.04132349270866759,0.0069211554554434885,0.027145610624183355,0.05167586341414307
4,an2_crus1_lat,202002_cfos,CNOnCrusILT,0.03339776814250618,0.32866065446255976,0.016411622910040276,0.11666807858479596,0.13749720825278983,0.033276086471000485,0.07729250579528214,0.10425346754256933,0.05099232173250056,0.013405007431823608,0.02877694517393548,0.05936833350019639
5,an5_crus1_lat,202002_cfos,CNOnCrusILT,0.01774477855389059,0.23390624080121622,0.01916463788392477,0.17188955572255257,0.2435128012439353,0.04121401435789459,0.055312178583673,0.0935791190638625,0.027690720007203188,0.011937207586897123,0.024023327249871,0.06002541894507915
6,an6_crus1_lat,202002_cfos,CNOnCrusILT,0.019411154486637,0.24493598318364226,0.020445797275531655,0.1378258851792198,0.20769157271163768,0.04840026207310748,0.06436215227539516,0.08747099451284432,0.02990499849853949,0.011894297179984166,0.039057082798722394,0.08859981982473861
7,an7_crus1_lat,202002_cfos,CNOnCrusILT,0.028045961186546658,0.2990990758428417,0.022480079852685565,0.12224430791470907,0.18468228153808205,0.03865426425961301,0.06901205247789996,0.09576155483275108,0.035619632746484935,0.007991005099787174,0.03368785172182353,0.06272193252677531
8,an8_crus1_lat,202002_cfos,CNOnCrusILT,0.029157582454136275,0.27487935349201215,0.02181371379798946,0.11945777082127298,0.20138264830527597,0.04268623656385336,0.06427819028304065,0.08312779698122646,0.04531125703153506,0.01080177872212044,0.03502262081734061,0.07208105073019663
9,an9_crus1_lat,202002_cfos,CNOnCrusILT,0.030669578300257343,0.2510379305689516,0.025639633846766235,0.13024828217793533,0.252649628321343,0.049233330132206536,0.06435239117212738,0.10020918667718863,0.024654243511107215,0.007365375220773364,0.017912392118547466,0.046028027952795904
0,an10_crus1_lat,202002_cfos,CNOnCrusIRT,0.047956185292637225,0.3243189609820481,0.02469590058799271,0.09682707185004273,0.11563994464248617,0.05040262359061072,0.0900138393784579,0.10046830637634634,0.030404256616597538,0.011467356534016034,0.027385225662486603,0.08042032848627793
1,an11_crus1_lat,202002_cfos,CNOnCrusIRT,0.046556445403963836,0.2641754438879585,0.02249085237600108,0.13656430323282193,0.12724444197509308,0.06611688321996365,0.0796228242148124,0.12793180357015296,0.032963195199580915,0.01011675622474978,0.024765654144409434,0.061451396550492504
2,an12_crus1_lat,202002_cfos,CNOnCrusIRT,0.030892412184128606,0.3467589748545318,0.018920877710057498,0.10902351650020362,0.25019292227199624,0.035086314597900285,0.055830808202820326,0.07707917750919746,0.021902717477584432,0.006002333013521815,0.012388439848975337,0.0359215058290826
3,an13_crus1_lat,202002_cfos,CNOnCrusIRT,0.037112636208686114,0.322533837379239,0.025929551600484605,0.13740110876213685,0.1759543720428092,0.06978362822795928,0.04375687769249728,0.07804727339630435,0.023317330222967413,0.004931110254834779,0.027757238717112914,0.053475035494968216
4,an14_crus1_lat,202002_cfos,CNOnCrusIRT,0.03483663768327509,0.18061731886900906,0.026747443044442213,0.16047553442880214,0.24306816419258598,0.049338065563898796,0.08207257100626808,0.0907584646405664,0.03777086393620613,0.011589098838535442,0.033789221097962646,0.04893661669844804
5,an18_crus1_lat,202002_cfos,CNOnCrusIRT,0.035757403468873496,0.2082692834130009,0.01745140980016425,0.12059810342044122,0.25732450321828915,0.031173885882344682,0.055963837239501074,0.08458800985491377,0.04710915510258516,0.010063734057711611,0.04687927730632357,0.08482139723585111
6,an19_crus1_lat,202002_cfos,CNOnCrusIRT,0.036431506275552215,0.2771908245971408,0.015695520790129106,0.13813774545959762,0.17535382345910316,0.03600652992507749,0.08274575585517296,0.09479220086670657,0.04007853889861658,0.009533363708245562,0.031860967352417766,0.062173222812240136
7,an20_crus1_lat,202002_cfos,CNOnCrusIRT,0.030247974759783178,0.30063698840497627,0.016148074875055343,0.12817546896625995,0.21142071947381647,0.02795848606562935,0.043550143392192604,0.09358584186573385,0.03261324792290725,0.010374494936400877,0.02966563094559074,0.07562292839165413
8,an3_crus1_lat,202002_cfos,CNOnCrusIRT,0.035458371559380725,0.28055388717650864,0.019353930297690156,0.1427685118572249,0.22012923154094421,0.03983209139930434,0.0513164060695263,0.09510640591552208,0.02976021542990278,0.009176451434769313,0.02149678901201893,0.055047708307207614
9,an4_crus1_lat,202002_cfos,CNOnCrusIRT,0.04413955514361466,0.3095576696256134,0.01773975722449077,0.1196115910089922,0.19312646563332267,0.031254910306721374,0.06347248935395779,0.0828113905193041,0.03687379293472748,0.00975398244521838,0.03705876853982644,0.054599627264210804
0,an26_crus1_lat,202002_cfos,Vehicle_control_reversal,0.033931918874227064,0.2757569173090167,0.015467961064932291,0.14102913500952016,0.2306807007722932,0.034453041848200375,0.07257604160144956,0.08774016771689212,0.039990203624658875,0.00845766013943262,0.01746774745975568,0.04244850457962133
1,an27_crus1_lat,202002_cfos,Vehicle_control_reversal,0.03030256813057481,0.2559818403198788,0.022053945231177506,0.1516323122326188,0.21922780688308816,0.03094568110239223,0.04373676598059476,0.07820304576269894,0.03431376287179174,0.010396569386297372,0.039959430501856893,0.08324627159702999
2,an28_crus1_lat,202002_cfos,Vehicle_control_reversal,0.010570486427071977,0.23820871586496445,0.005076896741235934,0.16622669898101683,0.17623859162289512,0.05743154973737082,0.042169325993531126,0.1270147666969989,0.0694953735821178,0.023307776166064526,0.02286855927851306,0.061391258908219434
3,an29_crus1_lat,202002_cfos,Vehicle_control_reversal,0.03899161842218958,0.2702302773697399,0.025561652121316857,0.13623736282727036,0.17420504622828997,0.05983971312537804,0.06340404389527349,0.11660330078631297,0.04519139376134105,0.009656096085716754,0.019059448716840923,0.04102004666033008
4,an30_crus1_lat,202002_cfos,Vehicle_control_reversal,0.028792987188132165,0.31170407475195067,0.019913303149985552,0.1196551391966092,0.22646565841441094,0.04756189191792698,0.0649609864174935,0.08749831422791639,0.02847702533474617,0.00667565745111261,0.018425970523070996,0.03986899142664483
5,an31_crus1_lat,202002_cfos,Vehicle_control_reversal,0.039495228608280857,0.24723127115553586,0.016459404622339267,0.1514754724277438,0.24377785555373352,0.038631262834052486,0.04942226877901811,0.08916958938374521,0.03750541508293337,0.013015779000981446,0.01780797442857108,0.05600847812306495
6,an32_crus1_lat,202002_cfos,Vehicle_control_reversal,0.039586839447997305,0.29268343991921913,0.02814919219118142,0.12857623695725345,0.15862714574217435,0.03307808818579603,0.06334146751935375,0.11427128912823965,0.060869656681252104,0.0092266913497139,0.019467351060249074,0.05212260181756984
7,an33_crus1_lat,202002_cfos,Vehicle_control_reversal,0.0302345798166896,0.303904187572586,0.021217369082740665,0.16527598095251134,0.2149824424502536,0.039746915735169634,0.041001841318082564,0.08089934812320175,0.03569692862667789,0.006924907534801368,0.018588870407257575,0.04152662838002797
8,an34_crus1_lat,202002_cfos,Vehicle_control_reversal,0.03800475544171522,0.3009214943924566,0.022050554631453268,0.12031675731940036,0.14374904329901114,0.0567795658873593,0.07718306409641505,0.11859010337473085,0.03237170001938914,0.012409049625993693,0.020148377945363446,0.05747553396671191
0,an6_cno,202002_cfos,cno_injection,0.11864833248725362,0.2778687620014567,0.043889465204052354,0.12981658463372106,0.1095945438894652,0.029673118944092525,0.08087491999028848,0.07589555697795043,0.04602379323283378,0.004484958174233562,0.03961418765312203,0.04361577681153023
1,an7_cno,202002_cfos,cno_injection,0.07092405580526531,0.3051238645191129,0.03684279062248825,0.13115225210257608,0.08457227787681351,0.0320449208138193,0.08250899179624882,0.08930503854909902,0.07128327862669115,0.0051862794843356395,0.052605937055181115,0.0384503127483689
2,an8_cno,202002_cfos,cno_injection,0.13375037765021594,0.309694898118364,0.0591721117410218,0.15210467180468423,0.11118812213553546,0.0213636480319734,0.058411874705037906,0.04856631142863349,0.03920256071529419,0.005017564437493706,0.023275101151018617,0.0382527580807273
0,an0_mcherrydymaze,202002_cfos,dilutedvector_control_reversal,0.04427467662123448,0.18624301878056546,0.012573429406487832,0.17660676563359087,0.2535665711722661,0.02164539745927019,0.11965737766588534,0.06978325664843592,0.025045576872992446,0.01090951182104928,0.017406024828544146,0.06228839308967792
1,an1_mcherrydymaze,202002_cfos,dilutedvector_control_reversal,0.035799094941529636,0.2017675523096913,0.007179981181952596,0.1517205071911824,0.18838209597204175,0.0347909852591962,0.10822617500784085,0.07742282360320803,0.024060217751691385,0.014864017205071911,0.055983691025583586,0.09980285855101036
2,an10_mcherrydymaze,202002_cfos,dilutedvector_control_reversal,0.03007757734367698,0.13429292457238995,0.00801944106925881,0.2053836807178241,0.24105056547340872,0.04548088606411814,0.1393775119170016,0.10126180016824002,0.01474904196653893,0.016543602205813628,0.01177680157024021,0.05198616693148892
3,an11_mcherrydymaze,202002_cfos,dilutedvector_control_reversal,0.030120405334960777,0.20187918780435088,0.009065364712463922,0.15563692769322704,0.23258445537882544,0.030069547748916098,0.08734790403173513,0.10635592681593369,0.04723398303899506,0.016147283569185388,0.019440312265578314,0.06411870160582828
4,an12_mcherrydymaze,202002_cfos,dilutedvector_control_reversal,0.05184971811859594,0.1648080325912514,0.0073248014485000615,0.25334348380725075,0.15275091560018106,0.04789926340479816,0.09217727665528168,0.11610633307271306,0.019834574708859718,0.009999588494300646,0.008641619686432657,0.0752643924118349
5,an13_mcherrydymaze,202002_cfos,dilutedvector_control_reversal,0.044019490054732345,0.22965892404218397,0.01950048391403017,0.13312224669603523,0.1591743425443866,0.038204178347350154,0.11147752302763315,0.09906679682285409,0.03700273661727406,0.01311365305032706,0.036913045654785745,0.07874657922840743
6,an14_mcherrydymaze,202002_cfos,dilutedvector_control_reversal,0.03994595473709232,0.20364555315076377,0.008869928565173333,0.15614326998861547,0.16141018102660978,0.04332378366882264,0.1085158820512179,0.0968060750878861,0.027272841004341134,0.012135163199179313,0.04638885066242979,0.09554251685786846
7,an2_mcherrydymaze,202002_cfos,dilutedvector_control_reversal,0.026456615036823793,0.1252362197771145,0.011585807385952208,0.16022323872768054,0.24128856784585226,0.06870242489535684,0.09496476572296497,0.09503541088995249,0.035711131912188054,0.007276452199713887,0.030112502428427616,0.10340686317797283
8,an3_mcherrydymaze,202002_cfos,dilutedvector_control_reversal,0.03352425876010782,0.1287483153638814,0.006429694519317161,0.16558569182389937,0.1928346810422282,0.03408580413297394,0.09494328391734053,0.09412904312668463,0.05862533692722372,0.02208277178796047,0.07248146900269542,0.09652964959568733
9,an4_mcherrydymaze,202002_cfos,dilutedvector_control_reversal,0.03832321870083165,0.30384168727054767,0.007801378586948378,0.15193489173597063,0.1196617217352214,0.035045328538248294,0.0837547763542369,0.11617779276241852,0.03479246272570615,0.016380085412452238,0.027581104368022778,0.06470555180939537
10,an6_mcherrydymaze,202002_cfos,dilutedvector_control_reversal,0.030296224202041377,0.1915475031818522,0.014062538993286916,0.16095181053629806,0.20071872426443063,0.023807741259264804,0.08437523395972149,0.08647151306431085,0.03652267225674428,0.010057148561303686,0.08572284195552894,0.07546604776521675
11,an7_mcherrydymaze,202002_cfos,dilutedvector_control_reversal,0.03644523176852672,0.2147859462651314,0.012801889577797461,0.1766873339238264,0.24373191614998524,0.035358724534986716,0.08079126070268675,0.08589312075583112,0.02666666666666667,0.006908768821966342,0.020643637437260113,0.05928550339533511
12,an8_mcherrydymaze,202002_cfos,dilutedvector_control_reversal,0.047332814746717584,0.22063503288310587,0.012681799966999033,0.18301393112226857,0.22751809160125402,0.023666407373358792,0.09065836928081465,0.0852132098154303,0.022853169271385806,0.007861301652405535,0.018586615750889848,0.059979256535369965
13,an9_mcherrydymaze,202002_cfos,dilutedvector_control_reversal,0.04785943656836762,0.14972024736022885,0.008651998934275658,0.19794427383506513,0.28906370507481105,0.03466408649194397,0.09161022534460757,0.07489518040189026,0.01825754070085398,0.00616998303254666,0.026993675767391638,0.054169646488017614
0,an1_vecctrl_ymaze,202002_cfos,lobVI_noreversal,0.03451804015588547,0.19482267362950054,0.0182613036900362,0.15613984134306005,0.16632782646826008,0.04586396657536015,0.09218541487517962,0.10121166217727132,0.04273942334523545,0.00798030360841083,0.05886138303748882,0.08108816109431147
